10 1 -23.02 -21.99 46.97 46.19 0.00 0.00 0.00 
10 1 -23.02 -21.99 46.97 46.19 0.00 0.00 0.00 
10 2 -21.99 -13.62 40.94 32.03 0.00 0.00 0.00 
10 2 -21.99 -13.62 40.94 32.03 0.00 0.00 0.00 
10 3 -13.62 -20.83 20.56 28.32 0.00 0.00 0.00 
10 3 -13.62 -20.83 20.56 28.32 0.00 0.00 0.00 
10 4 -20.83 -23.26 11.66 13.85 0.00 0.00 0.00 
10 4 -20.83 -23.26 11.66 13.85 0.00 0.00 0.00 
10 5 -23.26 -12.52 44.48 34.15 0.00 0.00 0.00 
10 5 -23.26 -12.52 44.48 34.15 0.00 0.00 0.00 
10 6 -12.52 -14.69 55.15 54.46 0.00 0.00 0.00 
10 6 -12.52 -14.69 55.15 54.46 0.00 0.00 0.00 
10 7 -14.69 -22.37 40.93 48.56 0.00 0.00 0.00 
10 7 -14.69 -22.37 40.93 48.56 0.00 0.00 0.00 
10 8 -22.37 -18.38 40.23 36.17 0.00 0.00 0.00 
10 8 -22.37 -18.38 40.23 36.17 0.00 0.00 0.00 
10 9 -18.38 -18.36 77.63 78.14 0.00 0.00 0.00 
10 9 -18.38 -18.36 77.63 78.14 0.00 0.00 0.00 
10 10 -18.36 -12.68 68.57 62.97 0.00 0.00 0.00 
10 10 -18.36 -12.68 68.57 62.97 0.00 0.00 0.00 
