5 1 -55.80 -33.47 877397.30 865946.85 0.00 0.00 0.00 
5 1 -55.80 -33.47 877397.30 865946.85 0.00 0.00 0.00 
5 1 -33.47 -33.47 887131.28 901316.63 0.00 0.00 0.00 
5 1 -33.47 -33.47 887131.28 901316.63 0.00 0.00 0.00 
5 2 -33.47 1.39 887131.28 880693.50 0.00 0.00 0.00 
5 2 -33.47 1.39 887131.28 880693.50 0.00 0.00 0.00 
5 2 1.39 1.39 958370.05 974142.60 0.00 0.00 0.00 
5 2 1.39 1.39 958370.05 974142.60 0.00 0.00 0.00 
5 2 1.39 1.39 958370.05 972228.55 0.00 0.00 0.00 
5 2 1.39 1.39 958370.05 972228.55 0.00 0.00 0.00 
5 2 1.39 1.39 958370.05 974142.60 0.00 0.00 0.00 
5 2 1.39 1.39 958370.05 974142.60 0.00 0.00 0.00 
5 2 1.39 1.39 958370.05 972228.55 0.00 0.00 0.00 
5 2 1.39 1.39 958370.05 972228.55 0.00 0.00 0.00 
5 2 1.39 1.39 958370.05 974142.60 0.00 0.00 0.00 
5 2 1.39 1.39 958370.05 974142.60 0.00 0.00 0.00 
5 2 1.39 1.39 958370.05 972228.55 0.00 0.00 0.00 
5 2 1.39 1.39 958370.05 972228.55 0.00 0.00 0.00 
5 2 1.39 1.39 958370.05 974142.60 0.00 0.00 0.00 
5 2 1.39 1.39 958370.05 974142.60 0.00 0.00 0.00 
5 2 1.39 1.39 958370.05 972228.55 0.00 0.00 0.00 
5 2 1.39 1.39 958370.05 972228.55 0.00 0.00 0.00 
5 2 1.39 1.39 958370.05 974142.60 0.00 0.00 0.00 
5 2 1.39 1.39 958370.05 974142.60 0.00 0.00 0.00 
5 2 1.39 1.39 958370.05 972228.55 0.00 0.00 0.00 
5 2 1.39 1.39 958370.05 972228.55 0.00 0.00 0.00 
5 2 1.39 1.39 958370.05 974142.60 0.00 0.00 0.00 
5 2 1.39 1.39 958370.05 974142.60 0.00 0.00 0.00 
5 2 1.39 1.39 958370.05 972228.55 0.00 0.00 0.00 
5 2 1.39 1.39 958370.05 972228.55 0.00 0.00 0.00 
5 2 1.39 1.39 958370.05 974142.60 0.00 0.00 0.00 
5 2 1.39 1.39 958370.05 974142.60 0.00 0.00 0.00 
5 2 1.39 1.39 958370.05 972228.55 0.00 0.00 0.00 
5 2 1.39 1.39 958370.05 972228.55 0.00 0.00 0.00 
5 2 1.39 1.39 958370.05 974142.60 0.00 0.00 0.00 
5 2 1.39 1.39 958370.05 974142.60 0.00 0.00 0.00 
5 2 1.39 1.39 958370.05 972228.55 0.00 0.00 0.00 
5 2 1.39 1.39 958370.05 972228.55 0.00 0.00 0.00 
5 2 1.39 1.39 958370.05 974142.60 0.00 0.00 0.00 
5 2 1.39 1.39 958370.05 974142.60 0.00 0.00 0.00 
5 2 1.39 1.39 958370.05 972228.55 0.00 0.00 0.00 
5 2 1.39 1.39 958370.05 972228.55 0.00 0.00 0.00 
5 2 1.39 1.39 958370.05 974142.60 0.00 0.00 0.00 
5 2 1.39 1.39 958370.05 974142.60 0.00 0.00 0.00 
5 2 1.39 1.39 958370.05 972228.55 0.00 0.00 0.00 
5 2 1.39 1.39 958370.05 972228.55 0.00 0.00 0.00 
5 2 1.39 1.39 958370.05 974142.60 0.00 0.00 0.00 
5 2 1.39 1.39 958370.05 974142.60 0.00 0.00 0.00 
5 2 1.39 1.39 958370.05 972228.55 0.00 0.00 0.00 
5 2 1.39 1.39 958370.05 972228.55 0.00 0.00 0.00 
5 2 1.39 1.39 958370.05 974142.60 0.00 0.00 0.00 
5 2 1.39 1.39 958370.05 974142.60 0.00 0.00 0.00 
5 2 1.39 1.39 958370.05 972228.55 0.00 0.00 0.00 
5 2 1.39 1.39 958370.05 972228.55 0.00 0.00 0.00 
5 2 1.39 1.39 958370.05 974142.60 0.00 0.00 0.00 
5 2 1.39 1.39 958370.05 974142.60 0.00 0.00 0.00 
5 2 1.39 1.39 958370.05 972228.55 0.00 0.00 0.00 
5 2 1.39 1.39 958370.05 972228.55 0.00 0.00 0.00 
5 2 1.39 1.39 958370.05 974142.60 0.00 0.00 0.00 
5 2 1.39 1.39 958370.05 974142.60 0.00 0.00 0.00 
5 2 1.39 1.39 958370.05 972228.55 0.00 0.00 0.00 
5 2 1.39 1.39 958370.05 972228.55 0.00 0.00 0.00 
5 2 1.39 1.39 958370.05 974142.60 0.00 0.00 0.00 
5 2 1.39 1.39 958370.05 974142.60 0.00 0.00 0.00 
5 2 1.39 1.39 958370.05 972228.55 0.00 0.00 0.00 
5 2 1.39 1.39 958370.05 972228.55 0.00 0.00 0.00 
5 2 1.39 1.39 958370.05 974142.60 0.00 0.00 0.00 
5 2 1.39 1.39 958370.05 974142.60 0.00 0.00 0.00 
5 2 1.39 1.39 958370.05 972228.55 0.00 0.00 0.00 
5 2 1.39 1.39 958370.05 972228.55 0.00 0.00 0.00 
5 2 1.39 1.39 958370.05 974142.60 0.00 0.00 0.00 
5 2 1.39 1.39 958370.05 974142.60 0.00 0.00 0.00 